00111100000100000000000000000001
00110110000100000000000000000001
00100000000010000000000000000010
10101110000010000000000000000000
00100000000010000000000000000011
10101110000010000000000000000001
00100000000010000000000000000100
10101110000010000000000000000010
00100000000010000000000000000101
10101110000010000000000000000011
00100000000010000000000000000110
10101110000010000000000000000100
00100000000101100000000000011001
00100000000101110000000000000111
00001100000100000000000000010010
00001100000100000000000000011110
00001100000100000000000000101010
00001000000100000000000000110111
00100000000100010000000000000000
00100000000010010000000000000101
00000010001010010101000000101010
00010001010000000000000000000111
00000000000100010101000000100000
00000001010100000101000000100000
10001101010010110000000000000000
00000000000010110101100011000000
10101101010010110000000000000000
00100010001100010000000000000001
00001000000100000000000000010100
00000011111000000000000000001000
00100000000100010000000000000000
00100000000010010000000000000101
00000010001010010101000000101010
00010001010000000000000000000111
00000000000100010101000000100000
00000001010100000101000000100000
10001101010010110000000000000000
00000000000010110101100010000010
10101101010010110000000000000000
00100010001100010000000000000001
00001000000100000000000000100000
00000011111000000000000000001000
00100000000100010000000000000000
00100000000010010000000000000101
00000010001010010101000000101010
00010001010000000000000000001000
00000000000100010101000000100000
00000001010100000101000000100000
10001101010010110000000000000000
00000001011101100101100000100101
00000001011101110101100000100100
10101101010010110000000000000000
00100010001100010000000000000001
00001000000100000000000000101100
00000011111000000000000000001000
10001110000101100000000000000101
